	MV1_02_Oberseite DIFF	MV2_01_Oberseite DIFF	MV2_02_Oberseite DIFF	MV3_01_Oberseite DIFF	MV3_03_Oberseite DIFF	MV4_01_Oberseite DIFF	MV4_03_Oberseite DIFF
2500	26.0	32.6	26.7	31.5	20.0	34.3	23.3
2495	29.5	35.5	30.8	37.8	22.6	36.6	22.2
2490	30.0	34.9	30.3	37.7	22.2	37.5	21.4
2485	30.8	35.2	31.5	39.0	23.2	38.5	21.6
2480	31.8	36.1	32.4	40.0	23.7	39.1	22.6
2475	32.6	37.5	33.4	41.2	24.4	40.0	23.7
2470	32.9	37.8	33.7	41.8	24.7	40.1	23.8
2465	33.0	38.1	33.9	42.2	24.7	40.7	24.0
2460	33.2	38.3	34.2	42.5	24.9	41.2	24.3
2455	33.5	38.8	34.5	42.9	25.2	41.6	24.6
2450	33.5	39.1	34.7	43.2	25.2	41.8	24.9
2445	34.0	39.6	35.3	44.0	25.6	42.4	25.1
2440	34.2	39.7	35.4	44.2	25.8	42.7	25.6
2435	34.5	40.0	35.7	44.4	25.9	43.1	25.6
2430	34.7	40.4	36.1	44.8	26.3	43.4	26.2
2425	35.0	40.9	36.5	45.3	26.5	43.9	26.4
2420	35.1	41.3	36.7	45.7	26.6	44.2	26.8
2415	35.3	41.7	37.0	45.9	26.6	44.5	27.0
2410	35.2	41.8	37.3	46.2	26.8	44.9	27.1
2405	35.3	42.1	37.2	46.2	26.8	45.1	27.1
2400	35.2	41.9	37.3	46.3	26.8	45.2	27.2
2395	35.2	41.9	37.2	46.1	26.7	45.4	27.2
2390	35.1	41.9	37.3	46.2	26.7	45.6	27.2
2385	35.3	42.1	37.5	46.3	26.8	46.1	27.6
2380	35.5	42.5	37.7	46.5	27.1	46.4	27.7
2375	35.6	42.6	38.0	46.6	27.2	46.5	27.9
2370	35.6	42.8	38.2	46.7	27.2	46.8	28.1
2365	35.7	43.0	38.3	46.9	27.2	47.0	28.2
2360	35.7	43.0	38.4	47.0	27.2	47.2	28.3
2355	35.7	43.0	38.6	47.0	27.3	47.3	28.4
2350	35.8	43.0	38.7	47.1	27.4	47.5	28.5
2345	35.9	43.3	38.8	47.3	27.5	47.8	28.7
2340	36.0	43.4	39.0	47.2	27.6	48.0	28.8
2335	36.0	43.5	39.1	47.4	27.6	48.2	29.0
2330	36.0	43.7	39.2	47.5	27.7	48.4	29.2
2325	36.1	43.8	39.3	47.6	27.8	48.7	29.3
2320	36.1	43.9	39.3	47.7	27.8	48.7	29.4
2315	36.1	43.8	39.4	47.7	27.9	48.8	29.3
2310	36.2	43.9	39.4	47.8	28.0	48.9	29.5
2305	36.4	44.0	39.5	47.9	28.1	49.1	29.7
2300	36.4	44.0	39.6	48.1	28.2	49.2	29.9
2295	36.6	44.2	39.8	48.1	28.3	49.4	30.0
2290	36.6	44.3	39.8	48.3	28.5	49.5	30.1
2285	36.8	44.5	40.1	48.5	28.7	49.8	30.4
2280	36.8	44.6	40.1	48.6	28.7	49.7	30.4
2275	36.9	44.6	40.1	48.7	28.8	49.8	30.5
2270	36.9	44.7	40.1	48.8	28.8	50.0	30.6
2265	37.1	44.8	40.2	49.0	29.0	50.1	30.8
2260	37.1	44.8	40.2	49.1	29.1	50.2	30.9
2255	37.2	44.9	40.2	49.2	29.2	50.3	31.0
2250	37.3	45.1	40.3	49.4	29.3	50.5	31.1
2245	37.4	45.2	40.5	49.5	29.4	50.6	31.3
2240	37.5	45.4	40.6	49.6	29.6	50.8	31.4
2235	37.6	45.4	40.7	49.8	29.6	50.9	31.5
2230	37.7	45.6	40.8	49.9	29.8	51.1	31.6
2225	37.8	45.7	41.0	50.1	29.9	51.4	31.8
2220	38.0	45.9	41.1	50.2	30.0	51.5	32.0
2215	38.1	46.0	41.3	50.4	30.2	51.7	32.2
2210	38.2	46.2	41.4	50.6	30.3	51.9	32.4
2205	38.3	46.4	41.6	50.7	30.5	52.1	32.6
2200	38.5	46.5	41.8	50.8	30.6	52.3	32.7
2195	38.6	46.7	41.9	51.0	30.7	52.5	32.9
2190	38.7	46.9	42.1	51.2	30.8	52.7	33.0
2185	38.8	47.1	42.2	51.3	30.9	52.9	33.1
2180	38.9	47.2	42.3	51.4	31.0	53.0	33.3
2175	39.0	47.3	42.4	51.5	31.0	53.2	33.4
2170	39.0	47.3	42.5	51.6	31.1	53.3	33.5
2165	39.1	47.4	42.5	51.7	31.1	53.4	33.5
2160	39.1	47.5	42.5	51.7	31.2	53.6	33.6
2155	39.2	47.5	42.6	51.8	31.2	53.7	33.7
2150	39.2	47.6	42.7	51.8	31.3	53.7	33.8
2145	39.3	47.7	42.7	51.8	31.3	53.8	33.8
2140	39.3	47.7	42.8	51.8	31.3	53.8	33.9
2135	39.3	47.7	42.8	51.8	31.3	53.8	33.9
2130	39.2	47.6	42.7	51.7	31.2	53.8	33.9
2125	39.2	47.6	42.7	51.7	31.2	53.8	33.9
2120	39.2	47.6	42.6	51.6	31.1	53.7	33.9
2115	39.1	47.5	42.6	51.5	31.1	53.7	33.9
2110	39.0	47.5	42.6	51.4	31.1	53.6	33.8
2105	39.0	47.4	42.5	51.3	31.0	53.6	33.8
2100	39.0	47.3	42.4	51.2	30.9	53.4	33.7
2095	38.9	47.3	42.4	51.1	30.9	53.3	33.7
2090	38.8	47.1	42.3	51.0	30.8	53.2	33.6
2085	38.8	47.0	42.2	50.9	30.7	53.0	33.5
2080	38.7	46.9	42.1	50.7	30.6	52.9	33.4
2075	38.7	46.8	42.0	50.6	30.6	52.7	33.3
2070	38.6	46.8	41.9	50.4	30.5	52.6	33.2
2065	38.7	46.7	41.9	50.3	30.5	52.5	33.2
2060	38.6	46.7	41.8	50.2	30.4	52.3	33.1
2055	38.6	46.6	41.7	50.0	30.3	52.1	33.0
2050	38.5	46.5	41.6	49.9	30.2	51.8	32.9
2045	38.5	46.3	41.5	49.7	30.2	51.6	32.8
2040	38.4	46.2	41.4	49.6	30.1	51.4	32.6
2035	38.4	46.1	41.3	49.4	30.0	51.2	32.5
2030	38.3	46.0	41.1	49.3	30.0	50.9	32.3
2025	38.3	45.9	41.0	49.1	30.0	50.7	32.2
2020	38.3	45.8	40.9	48.9	29.9	50.4	32.1
2015	38.2	45.6	40.8	48.7	29.8	50.2	32.0
2010	38.2	45.5	40.7	48.6	29.7	49.9	31.8
2005	38.1	45.3	40.5	48.4	29.6	49.6	31.6
2000	38.0	45.1	40.4	48.2	29.5	49.3	31.5
1995	38.0	45.0	40.2	48.0	29.3	49.0	31.3
1990	37.9	44.8	40.1	47.8	29.3	48.8	31.2
1985	37.8	44.7	40.0	47.6	29.2	48.5	31.1
1980	37.7	44.6	39.8	47.4	29.0	48.3	30.9
1975	37.6	44.4	39.7	47.3	28.9	48.1	30.8
1970	37.5	44.3	39.6	47.1	28.8	48.0	30.7
1965	37.5	44.2	39.5	47.0	28.8	47.9	30.7
1960	37.4	44.2	39.5	46.9	28.7	47.9	30.7
1955	37.4	44.2	39.5	46.9	28.6	48.0	30.8
1950	37.4	44.3	39.6	46.9	28.6	48.2	30.9
1945	37.4	44.4	39.7	47.0	28.6	48.4	31.1
1940	37.4	44.5	39.9	47.1	28.7	48.7	31.3
1935	37.5	44.7	40.1	47.3	28.8	49.1	31.6
1930	37.6	44.9	40.3	47.4	28.9	49.5	31.9
1925	37.7	45.2	40.5	47.6	29.0	49.9	32.2
1920	37.8	45.4	40.7	47.8	29.1	50.4	32.5
1915	37.8	45.6	41.0	48.0	29.2	50.9	32.8
1910	38.0	45.9	41.3	48.2	29.3	51.5	33.2
1905	38.1	46.2	41.6	48.4	29.5	52.0	33.6
1900	38.3	46.6	41.9	48.7	29.6	52.6	34.0
1895	38.4	46.9	42.2	49.0	29.8	53.2	34.4
1890	38.6	47.2	42.5	49.2	29.9	53.7	34.8
1885	38.7	47.5	42.8	49.5	30.0	54.3	35.1
1880	38.8	47.8	43.1	49.7	30.1	54.9	35.5
1875	39.0	48.1	43.4	50.0	30.3	55.4	35.9
1870	39.2	48.4	43.7	50.2	30.5	55.9	36.3
1865	39.4	48.7	44.0	50.4	30.6	56.4	36.6
1860	39.5	49.0	44.3	50.6	30.7	56.9	36.9
1855	39.7	49.3	44.5	50.8	30.8	57.3	37.2
1850	39.8	49.5	44.7	50.9	30.9	57.6	37.4
1845	39.9	49.6	44.9	51.0	31.0	57.9	37.6
1840	39.9	49.7	45.0	51.1	31.0	58.1	37.7
1835	40.0	49.8	45.1	51.1	31.0	58.2	37.8
1830	40.0	49.9	45.2	51.1	31.0	58.3	37.9
1825	40.1	50.0	45.2	51.1	31.0	58.4	38.0
1820	40.1	50.0	45.3	51.0	31.0	58.5	38.0
1815	40.1	50.1	45.4	51.0	31.0	58.6	38.1
1810	40.2	50.1	45.4	51.0	30.9	58.6	38.2
1805	40.2	50.2	45.5	51.0	30.9	58.7	38.2
1800	40.2	50.2	45.5	51.0	30.9	58.7	38.2
1795	40.2	50.3	45.5	50.9	30.8	58.8	38.3
1790	40.2	50.3	45.6	50.9	30.8	58.9	38.3
1785	40.3	50.4	45.7	50.9	30.8	58.9	38.4
1780	40.3	50.5	45.8	50.9	30.8	59.0	38.4
1775	40.4	50.5	45.9	50.9	30.9	59.1	38.5
1770	40.4	50.6	45.9	50.9	30.8	59.2	38.6
1765	40.4	50.7	46.0	50.8	30.8	59.2	38.6
1760	40.5	50.7	46.0	50.8	30.8	59.3	38.7
1755	40.5	50.8	46.1	50.8	30.8	59.4	38.8
1750	40.5	50.8	46.2	50.8	30.8	59.4	38.8
1745	40.5	50.9	46.2	50.7	30.8	59.5	38.9
1740	40.6	51.0	46.3	50.7	30.8	59.6	39.0
1735	40.6	51.0	46.4	50.7	30.8	59.7	39.0
1730	40.6	51.1	46.5	50.7	30.8	59.7	39.1
1725	40.7	51.1	46.5	50.7	30.8	59.8	39.2
1720	40.7	51.2	46.6	50.6	30.7	59.9	39.2
1715	40.7	51.2	46.6	50.6	30.7	59.9	39.3
1710	40.7	51.3	46.7	50.6	30.7	60.0	39.3
1705	40.7	51.3	46.7	50.5	30.6	60.0	39.4
1700	40.7	51.3	46.7	50.5	30.6	60.0	39.4
1695	40.7	51.4	46.7	50.4	30.5	60.0	39.4
1690	40.7	51.4	46.8	50.4	30.5	60.1	39.4
1685	40.7	51.4	46.8	50.3	30.4	60.1	39.5
1680	40.7	51.4	46.8	50.3	30.3	60.1	39.5
1675	40.7	51.4	46.8	50.2	30.3	60.1	39.5
1670	40.6	51.4	46.8	50.2	30.2	60.1	39.5
1665	40.6	51.4	46.9	50.1	30.1	60.1	39.5
1660	40.6	51.5	46.9	50.0	30.1	60.1	39.5
1655	40.6	51.5	46.9	50.0	30.0	60.2	39.5
1650	40.6	51.5	46.9	49.9	29.9	60.2	39.5
1645	40.6	51.5	46.9	49.9	29.9	60.2	39.5
1640	40.6	51.5	46.9	49.8	29.8	60.2	39.5
1635	40.6	51.6	47.0	49.7	29.8	60.2	39.5
1630	40.6	51.6	47.0	49.7	29.7	60.2	39.5
1625	40.6	51.6	47.0	49.6	29.6	60.2	39.5
1620	40.6	51.6	47.0	49.5	29.6	60.1	39.5
1615	40.6	51.6	47.0	49.5	29.5	60.1	39.5
1610	40.5	51.6	47.0	49.4	29.5	60.1	39.4
1605	40.5	51.6	47.1	49.3	29.4	60.1	39.4
1600	40.5	51.6	47.1	49.3	29.4	60.1	39.4
1595	40.5	51.7	47.1	49.2	29.3	60.1	39.4
1590	40.5	51.7	47.1	49.1	29.2	60.1	39.4
1585	40.5	51.7	47.1	49.1	29.2	60.1	39.4
1580	40.5	51.7	47.2	49.0	29.1	60.0	39.4
1575	40.5	51.7	47.2	48.9	29.1	60.0	39.4
1570	40.5	51.7	47.2	48.9	29.0	60.0	39.3
1565	40.5	51.8	47.2	48.8	29.0	59.9	39.3
1560	40.5	51.8	47.2	48.7	28.9	59.9	39.3
1555	40.4	51.8	47.2	48.6	28.8	59.9	39.2
1550	40.4	51.8	47.2	48.6	28.8	59.8	39.2
1545	40.4	51.8	47.2	48.5	28.7	59.8	39.2
1540	40.4	51.8	47.2	48.4	28.7	59.7	39.1
1535	40.4	51.8	47.3	48.3	28.6	59.6	39.1
1530	40.4	51.8	47.3	48.3	28.5	59.6	39.0
1525	40.4	51.8	47.3	48.2	28.5	59.5	39.0
1520	40.3	51.7	47.2	48.1	28.4	59.4	38.9
1515	40.3	51.7	47.2	48.0	28.4	59.4	38.9
1510	40.3	51.7	47.2	47.9	28.3	59.3	38.8
1505	40.3	51.7	47.2	47.9	28.2	59.2	38.8
1500	40.3	51.7	47.3	47.8	28.2	59.2	38.7
1495	40.3	51.8	47.2	47.7	28.1	59.1	38.7
1490	40.3	51.7	47.3	47.6	28.1	59.0	38.6
1485	40.2	51.8	47.3	47.6	28.0	58.9	38.6
1480	40.2	51.8	47.3	47.5	27.9	58.9	38.5
1475	40.2	51.8	47.3	47.4	27.9	58.8	38.5
1470	40.2	51.8	47.3	47.4	27.8	58.8	38.5
1465	40.2	51.8	47.4	47.3	27.8	58.8	38.5
1460	40.3	51.9	47.4	47.3	27.8	58.8	38.5
1455	40.3	52.0	47.5	47.3	27.8	58.8	38.5
1450	40.3	52.0	47.6	47.3	27.7	58.8	38.5
1445	40.4	52.1	47.7	47.2	27.7	58.9	38.5
1440	40.4	52.2	47.7	47.2	27.7	59.0	38.6
1435	40.4	52.3	47.8	47.2	27.7	59.1	38.7
1430	40.5	52.4	48.0	47.2	27.7	59.2	38.7
1425	40.5	52.5	48.1	47.2	27.7	59.3	38.8
1420	40.5	52.6	48.2	47.2	27.7	59.4	38.9
1415	40.6	52.7	48.3	47.2	27.6	59.5	39.0
1410	40.6	52.8	48.4	47.1	27.6	59.7	39.1
1405	40.6	52.9	48.5	47.1	27.5	59.8	39.1
1400	40.6	53.0	48.6	47.1	27.4	59.9	39.2
1395	40.6	53.1	48.6	47.0	27.4	60.0	39.3
1390	40.6	53.2	48.8	47.0	27.3	60.1	39.3
1385	40.6	53.3	48.8	47.0	27.3	60.2	39.4
1380	40.6	53.4	48.9	46.9	27.3	60.4	39.5
1375	40.7	53.5	49.1	46.9	27.3	60.5	39.6
1370	40.7	53.6	49.2	46.9	27.3	60.6	39.7
1365	40.8	53.8	49.4	46.9	27.2	60.8	39.8
1360	40.8	53.9	49.5	46.9	27.2	60.9	39.9
1355	40.8	53.9	49.6	46.9	27.2	61.0	40.0
1350	40.9	54.0	49.6	46.9	27.1	61.0	40.0
1345	40.9	54.1	49.7	46.8	27.1	61.1	40.1
1340	40.9	54.1	49.8	46.8	27.0	61.1	40.1
1335	40.9	54.2	49.8	46.7	27.0	61.2	40.1
1330	40.9	54.3	49.9	46.7	26.9	61.2	40.1
1325	40.9	54.3	49.9	46.6	26.9	61.2	40.1
1320	40.9	54.3	50.0	46.6	26.8	61.2	40.1
1315	40.9	54.4	50.1	46.5	26.8	61.2	40.1
1310	40.9	54.5	50.1	46.5	26.8	61.2	40.1
1305	41.0	54.5	50.2	46.5	26.8	61.2	40.1
1300	41.0	54.6	50.3	46.4	26.8	61.2	40.1
1295	41.1	54.7	50.4	46.4	26.8	61.2	40.2
1290	41.1	54.7	50.4	46.4	26.8	61.2	40.2
1285	41.1	54.8	50.5	46.4	26.7	61.2	40.2
1280	41.2	54.9	50.6	46.3	26.7	61.2	40.2
1275	41.2	54.9	50.6	46.3	26.7	61.2	40.2
1270	41.2	54.9	50.7	46.3	26.6	61.2	40.2
1265	41.2	55.0	50.7	46.2	26.6	61.1	40.1
1260	41.1	55.0	50.7	46.1	26.5	61.1	40.1
1255	41.1	55.0	50.7	46.1	26.5	61.1	40.0
1250	41.1	55.0	50.8	46.0	26.4	61.0	40.0
1245	41.1	55.1	50.8	46.0	26.4	61.0	40.0
1240	41.1	55.1	50.8	45.9	26.4	61.0	39.9
1235	41.1	55.1	50.9	45.9	26.3	61.0	39.9
1230	41.1	55.1	50.9	45.8	26.3	61.0	39.9
1225	41.1	55.2	50.9	45.8	26.2	60.9	39.8
1220	41.1	55.2	51.0	45.7	26.2	60.9	39.8
1215	41.1	55.2	51.0	45.7	26.2	60.9	39.8
1210	41.1	55.3	51.1	45.6	26.1	60.9	39.8
1205	41.1	55.3	51.1	45.6	26.1	60.9	39.7
1200	41.1	55.3	51.1	45.5	26.1	60.9	39.7
1195	41.1	55.4	51.2	45.5	26.0	60.9	39.7
1190	41.0	55.4	51.2	45.5	26.0	60.9	39.7
1185	41.0	55.4	51.3	45.4	26.0	60.9	39.7
1180	41.0	55.5	51.3	45.4	25.9	60.9	39.7
1175	41.0	55.5	51.4	45.3	25.9	60.9	39.7
1170	41.0	55.5	51.4	45.3	25.9	60.9	39.7
1165	41.0	55.6	51.4	45.3	25.9	60.9	39.7
1160	41.0	55.6	51.5	45.2	25.8	60.9	39.7
1155	41.0	55.6	51.5	45.2	25.8	60.9	39.7
1150	41.0	55.6	51.5	45.1	25.8	60.9	39.7
1145	41.0	55.7	51.6	45.1	25.8	60.9	39.7
1140	41.0	55.7	51.6	45.1	25.8	60.9	39.7
1135	41.0	55.8	51.7	45.1	25.7	60.9	39.7
1130	41.0	55.8	51.7	45.0	25.7	61.0	39.7
1125	41.0	55.8	51.8	45.0	25.7	61.0	39.7
1120	41.0	55.9	51.8	45.0	25.7	61.0	39.7
1115	40.9	55.9	51.9	45.0	25.7	61.0	39.7
1110	40.9	55.9	51.9	44.9	25.7	61.0	39.7
1105	40.9	56.0	51.9	44.9	25.7	61.0	39.7
1100	40.9	56.0	52.0	44.9	25.7	61.0	39.7
1095	40.9	56.1	52.0	44.9	25.7	61.0	39.7
1090	40.9	56.1	52.0	44.9	25.7	61.0	39.7
1085	40.9	56.1	52.1	44.9	25.7	61.1	39.7
1080	40.9	56.2	52.1	44.8	25.7	61.1	39.7
1075	40.8	56.2	52.1	44.8	25.7	61.1	39.7
1070	40.8	56.2	52.2	44.8	25.7	61.1	39.7
1065	40.8	56.3	52.2	44.8	25.7	61.1	39.7
1060	40.9	56.3	52.3	44.9	25.7	61.1	39.7
1055	40.9	56.4	52.4	44.9	25.8	61.2	39.7
1050	40.9	56.4	52.4	44.9	25.8	61.2	39.7
1045	40.9	56.5	52.5	44.9	25.8	61.2	39.7
1040	40.9	56.5	52.5	44.9	25.8	61.2	39.8
1035	40.9	56.6	52.6	44.9	25.9	61.2	39.8
1030	40.9	56.6	52.6	44.9	25.9	61.3	39.8
1025	40.9	56.7	52.7	45.0	26.0	61.3	39.8
1020	41.0	56.7	52.8	45.0	26.0	61.3	39.8
1015	41.0	56.8	52.8	45.0	26.0	61.3	39.8
1010	41.0	56.8	52.9	45.0	26.1	61.4	39.9
1005	41.1	56.9	53.0	45.1	26.1	61.4	39.9
1000	41.1	57.0	53.0	45.1	26.2	61.4	39.9
995	41.1	57.0	53.1	45.2	26.2	61.5	40.0
990	41.2	57.1	53.2	45.2	26.3	61.5	40.0
985	41.2	57.2	53.3	45.2	26.4	61.5	40.1
980	41.3	57.3	53.4	45.3	26.4	61.6	40.1
975	41.3	57.3	53.5	45.3	26.5	61.6	40.2
970	41.4	57.4	53.5	45.4	26.6	61.6	40.2
965	41.4	57.5	53.6	45.4	26.6	61.7	40.3
960	41.5	57.6	53.7	45.5	26.7	61.7	40.3
955	41.6	57.6	53.8	45.5	26.8	61.8	40.4
950	41.6	57.7	53.9	45.6	26.8	61.8	40.4
945	41.7	57.8	54.0	45.6	26.9	61.9	40.5
940	41.7	57.9	54.1	45.7	27.0	61.9	40.6
935	41.8	57.9	54.2	45.8	27.1	62.0	40.6
930	41.8	58.0	54.2	45.8	27.1	62.0	40.7
925	41.9	58.1	54.3	45.9	27.2	62.0	40.7
920	41.9	58.2	54.4	45.9	27.3	62.1	40.8
915	42.0	58.2	54.5	46.0	27.4	62.1	40.9
910	42.1	58.3	54.6	46.0	27.4	62.2	41.0
905	42.1	58.5	54.8	46.0	27.6	62.2	41.2
900	42.1	58.7	54.9	46.0	27.7	62.1	41.3
895	42.1	58.9	55.0	46.0	27.8	61.9	41.5
890	42.1	59.0	55.2	45.9	27.8	61.6	41.6
885	42.0	59.2	55.3	45.8	27.9	61.3	41.7
880	41.9	59.3	55.4	45.6	28.0	60.9	41.9
875	41.7	59.4	55.5	45.5	28.1	60.6	42.0
870	41.6	59.6	55.6	45.2	28.1	60.5	42.2
865	41.4	59.7	55.7	45.0	28.2	60.4	42.3
860	41.2	59.9	55.8	44.8	28.3	60.4	42.4
855	41.2	60.0	55.9	44.7	28.3	60.3	42.6
850	41.0	60.1	56.0	44.5	28.4	60.3	42.7
845	40.8	60.2	56.1	44.3	28.4	60.2	42.8
840	40.7	60.3	56.1	44.1	28.5	60.2	42.9
835	40.5	60.1	56.2	43.9	28.5	60.1	43.0
830	40.4	60.0	56.1	43.7	28.5	60.1	43.1
825	40.2	59.9	56.0	43.6	28.6	60.1	43.2
820	40.1	59.8	55.8	43.4	28.6	60.0	43.0
815	40.0	59.6	55.7	43.2	28.6	60.0	42.8
810	39.9	59.5	55.5	43.0	28.7	60.0	42.6
805	39.8	59.4	55.4	42.9	28.4	59.9	42.4
800	39.7	59.2	55.2	42.8	28.0	60.0	42.1
795	39.6	59.0	55.0	42.7	27.7	60.1	41.9
790	39.5	58.8	54.9	42.6	27.4	60.3	41.7
785	39.5	58.6	54.8	42.6	27.2	60.5	41.4
780	39.5	58.5	54.7	42.6	26.9	60.9	41.2
775	39.6	58.3	54.5	42.7	26.6	61.3	41.0
770	39.6	58.2	54.4	42.8	26.3	61.6	40.7
765	39.7	58.1	54.3	42.9	26.1	61.7	40.5
760	39.8	57.9	54.2	43.1	25.9	61.8	40.3
755	40.0	57.8	54.1	43.2	25.6	61.9	40.1
750	40.0	57.7	54.0	43.2	25.4	61.9	39.9
745	40.1	57.6	53.9	43.3	25.2	61.9	39.8
740	40.1	57.5	53.9	43.4	25.0	61.9	39.6
735	40.2	57.4	53.8	43.5	24.9	61.9	39.4
730	40.3	57.6	53.8	43.6	24.7	62.0	39.3
725	40.4	57.7	53.9	43.6	24.5	62.0	39.1
720	40.4	57.8	54.1	43.7	24.3	62.0	38.9
715	40.5	58.0	54.2	43.8	24.1	62.0	39.0
710	40.5	58.1	54.3	43.9	23.9	62.0	39.1
705	40.6	58.2	54.5	43.9	23.7	62.0	39.1
700	40.6	58.3	54.6	44.0	23.9	62.0	39.2
695	40.7	58.5	54.7	44.1	24.0	61.9	39.3
690	40.7	58.6	54.9	44.1	24.2	61.9	39.3
685	40.8	58.7	55.0	44.2	24.3	61.9	39.4
680	40.8	58.8	55.1	44.2	24.4	61.9	39.4
675	40.8	58.9	55.2	44.2	24.5	61.9	39.5
670	40.9	59.0	55.3	44.3	24.7	61.8	39.5
665	40.9	59.0	55.4	44.3	24.8	61.8	39.5
660	40.9	59.1	55.4	44.3	24.9	61.8	39.5
655	40.9	59.2	55.5	44.4	24.9	61.8	39.6
650	41.0	59.3	55.6	44.4	25.0	61.7	39.5
645	41.0	59.3	55.7	44.4	25.1	61.7	39.5
640	41.0	59.4	55.7	44.4	25.1	61.7	39.5
635	41.0	59.4	55.8	44.4	25.2	61.6	39.5
630	41.0	59.5	55.8	44.4	25.2	61.6	39.4
625	41.0	59.5	55.9	44.4	25.2	61.5	39.4
620	40.9	59.6	55.9	44.4	25.3	61.5	39.3
615	40.9	59.6	56.0	44.4	25.3	61.4	39.3
610	40.9	59.7	56.0	44.4	25.4	61.4	39.3
605	40.9	59.7	56.0	44.4	25.4	61.3	39.2
600	40.8	59.7	56.0	44.3	25.4	61.3	39.1
595	40.8	59.7	56.0	44.3	25.4	61.2	39.0
590	40.7	59.6	56.0	44.2	25.4	61.1	38.9
585	40.6	59.6	55.9	44.1	25.3	61.0	38.7
580	40.5	59.6	55.9	44.0	25.3	60.9	38.6
575	40.4	59.5	55.9	43.9	25.2	60.7	38.4
570	40.3	59.4	55.8	43.8	25.1	60.6	38.2
565	40.2	59.4	55.7	43.6	25.1	60.4	38.0
560	40.1	59.3	55.7	43.5	25.0	60.2	37.9
555	39.9	59.3	55.6	43.4	24.9	60.1	37.7
550	39.8	59.3	55.6	43.2	24.9	59.9	37.5
545	39.7	59.2	55.5	43.0	24.9	59.7	37.4
540	39.6	59.2	55.5	42.9	24.9	59.5	37.2
535	39.4	59.2	55.4	42.7	24.9	59.2	37.1
530	39.2	59.0	55.3	42.4	24.7	59.0	36.8
525	39.0	58.9	55.1	42.2	24.5	58.8	36.5
520	38.9	58.8	55.0	41.9	24.3	58.5	36.2
515	38.7	58.7	54.9	41.7	24.2	58.3	35.9
510	38.5	58.6	54.8	41.5	24.0	58.1	35.7
505	38.3	58.5	54.7	41.2	23.9	57.9	35.4
500	38.2	58.5	54.6	41.0	23.9	57.7	35.3
495	38.0	58.5	54.7	40.8	23.9	57.5	35.2
490	37.9	58.5	54.6	40.6	23.9	57.3	35.0
485	37.7	58.5	54.5	40.3	23.8	57.0	34.8
480	37.6	58.4	54.5	40.1	23.7	56.8	34.6
475	37.4	58.4	54.4	39.8	23.7	56.6	34.4
470	37.2	58.4	54.4	39.6	23.7	56.4	34.3
465	37.1	58.4	54.3	39.4	23.7	56.1	34.1
460	37.0	58.4	54.3	39.2	23.7	55.9	34.0
455	36.8	58.4	54.3	39.0	23.7	55.7	33.8
450	36.7	58.4	54.3	38.8	23.7	55.5	33.7
445	36.6	58.5	54.2	38.6	23.7	55.3	33.6
440	36.5	58.5	54.2	38.3	23.8	55.1	33.5
435	36.3	58.5	54.2	38.2	23.9	54.9	33.5
430	36.2	58.6	54.3	38.0	24.0	54.7	33.5
425	36.2	58.8	54.5	37.9	24.3	54.5	33.6
420	36.0	58.7	54.3	37.6	24.5	54.3	33.6
415	35.8	58.5	54.2	37.2	24.6	53.9	33.6
410	35.5	58.4	54.0	36.9	24.7	53.6	33.5
405	35.3	58.2	53.8	36.6	24.8	53.4	33.4
400	35.1	58.0	53.6	36.3	24.8	53.2	33.3
395	34.8	57.7	53.3	36.0	24.8	53.1	33.2
390	34.6	57.4	53.1	35.7	24.7	52.9	33.0
385	34.3	57.2	52.9	35.4	24.8	52.7	32.9
380	34.1	57.0	52.7	35.2	24.9	52.4	32.9
375	34.0	56.8	52.5	34.9	24.9	52.1	32.8
370	33.8	56.7	52.3	34.7	25.0	51.7	32.8
365	33.6	56.5	52.2	34.5	25.1	51.3	32.8
360	33.5	56.5	52.2	34.4	25.2	50.8	32.9
355	33.5	56.4	52.1	34.3	25.3	50.3	32.9
350	33.4	56.4	52.1	34.2	25.4	49.7	33.0
345	33.1	56.0	51.8	33.9	25.3	49.4	33.0
340	32.8	55.5	51.3	33.5	25.1	48.9	32.7
335	32.4	54.8	50.7	33.1	24.8	48.5	32.3
330	32.4	55.0	50.8	33.2	24.9	48.3	32.4
325	32.5	55.1	50.9	33.2	24.9	47.8	32.5
320	32.6	55.3	51.1	33.4	25.0	46.7	32.6
315	32.9	55.7	51.5	33.6	25.2	45.4	32.8
310	33.3	56.4	52.1	34.0	25.5	44.1	33.2
305	33.8	57.3	53.0	34.6	26.0	43.1	33.8
300	34.1	57.8	53.4	34.9	26.2	42.3	34.1
