	MV1_02_Oberseite TIS	MV2_01_Oberseite TIS	MV2_02_Oberseite TIS	MV3_01_Oberseite TIS	MV3_03_Oberseite TIS	MV4_01_Oberseite TIS	MV4_03_Oberseite TIS
300	32.9	57.7	55.1	38.4	24.7	42.0	32.1
305	32.8	57.4	54.9	38.2	24.5	42.9	31.9
310	32.4	56.7	54.2	37.7	24.2	43.6	31.5
315	32.2	56.3	53.8	37.5	24.1	44.6	31.3
320	32.0	56.0	53.5	37.3	23.9	45.7	31.1
325	31.9	55.8	53.3	37.1	23.8	46.6	31.0
330	31.8	55.6	53.1	37.0	23.8	47.1	30.9
335	31.7	55.5	53.0	36.7	23.7	47.4	30.8
340	31.9	55.9	53.4	36.8	23.9	47.8	31.1
345	32.2	56.3	53.8	36.9	24.0	48.3	31.3
350	32.4	56.6	54.0	37.1	24.1	48.7	31.4
355	32.5	56.6	54.0	37.1	24.1	49.3	31.4
360	32.6	56.7	54.1	37.2	24.1	49.8	31.4
365	32.7	56.8	54.1	37.3	24.1	50.3	31.4
370	32.8	56.9	54.2	37.4	24.1	50.8	31.5
375	33.0	57.1	54.3	37.6	24.2	51.2	31.5
380	33.2	57.2	54.5	37.8	24.2	51.6	31.6
385	33.4	57.4	54.6	38.0	24.3	52.0	31.7
390	33.6	57.6	54.7	38.2	24.3	52.3	31.9
395	33.9	57.9	55.0	38.5	24.4	52.6	32.1
400	34.1	58.1	55.2	38.8	24.6	52.9	32.3
405	34.4	58.4	55.4	39.1	24.7	53.2	32.4
410	34.6	58.6	55.5	39.4	24.7	53.6	32.6
415	34.9	58.8	55.5	39.8	24.8	53.9	32.7
420	35.2	59.0	55.5	40.1	24.9	54.3	32.9
425	35.5	59.2	55.5	40.5	25.0	54.6	33.0
430	35.6	59.2	55.3	40.8	25.0	54.9	33.0
435	35.8	59.2	55.3	41.2	25.0	55.2	33.1
440	36.0	59.2	55.3	41.5	25.1	55.5	33.2
445	36.2	59.3	55.4	41.8	25.2	55.7	33.3
450	36.3	59.3	55.4	42.1	25.3	56.0	33.5
455	36.5	59.4	55.3	42.4	25.4	56.3	33.6
460	36.7	59.4	55.3	42.7	25.5	56.5	33.8
465	36.9	59.5	55.2	43.0	25.6	56.8	34.0
470	37.1	59.5	55.2	43.3	25.7	57.0	34.1
475	37.3	59.6	55.1	43.6	25.8	57.3	34.3
480	37.5	59.7	55.1	43.9	26.0	57.6	34.5
485	37.7	59.7	55.0	44.2	26.1	57.8	34.7
490	37.9	59.8	55.0	44.5	26.3	58.1	34.9
495	38.0	59.8	55.0	44.8	26.4	58.3	35.1
500	38.2	59.9	54.8	45.1	26.5	58.5	35.3
505	38.4	59.9	54.8	45.3	26.6	58.8	35.4
510	38.6	60.0	54.8	45.6	26.8	59.0	35.6
515	38.8	60.1	55.0	45.9	27.0	59.2	35.9
520	38.9	60.2	55.1	46.1	27.2	59.5	36.2
525	39.1	60.3	55.3	46.4	27.3	59.7	36.4
530	39.3	60.4	55.5	46.7	27.5	60.0	36.7
535	39.5	60.5	55.7	46.9	27.7	60.2	37.0
540	39.7	60.6	55.7	47.2	27.8	60.5	37.2
545	39.8	60.7	55.6	47.4	27.9	60.7	37.4
550	40.0	60.7	55.6	47.6	28.0	60.9	37.6
555	40.1	60.8	55.5	47.8	28.1	61.1	37.8
560	40.2	60.8	55.6	48.0	28.2	61.3	37.9
565	40.4	60.9	55.6	48.2	28.3	61.5	38.1
570	40.5	60.9	55.7	48.3	28.4	61.7	38.3
575	40.6	61.0	55.7	48.5	28.5	61.8	38.5
580	40.7	61.0	55.8	48.6	28.6	62.0	38.7
585	40.8	61.1	55.9	48.7	28.7	62.1	38.8
590	40.9	61.1	55.9	48.8	28.7	62.2	39.0
595	41.0	61.1	55.9	48.9	28.8	62.3	39.1
600	41.0	61.1	55.9	49.0	28.8	62.4	39.2
605	41.1	61.2	55.9	49.0	28.9	62.5	39.3
610	41.1	61.1	55.9	49.1	28.9	62.6	39.4
615	41.2	61.1	55.8	49.1	28.9	62.6	39.5
620	41.2	61.1	55.7	49.1	28.8	62.7	39.5
625	41.2	61.0	55.6	49.1	28.8	62.7	39.6
630	41.2	61.0	55.7	49.1	28.8	62.8	39.6
635	41.2	61.0	55.7	49.1	28.8	62.8	39.7
640	41.2	60.9	55.8	49.1	28.8	62.8	39.7
645	41.2	60.8	55.9	49.1	28.8	62.9	39.7
650	41.2	60.8	55.9	49.1	28.8	62.9	39.8
655	41.2	60.7	56.0	49.1	28.7	62.9	39.8
660	41.2	60.7	56.0	49.1	28.7	62.9	39.8
665	41.2	60.6	56.1	49.1	28.7	63.0	39.8
670	41.2	60.5	56.1	49.0	28.6	63.0	39.8
675	41.2	60.4	56.1	49.0	28.6	63.0	39.8
680	41.1	60.4	56.2	49.0	28.5	63.0	39.8
685	41.1	60.3	56.2	49.0	28.5	63.1	39.8
690	41.1	60.2	56.3	48.9	28.4	63.1	39.7
695	41.1	60.1	56.3	48.9	28.4	63.1	39.7
700	41.0	60.0	56.4	48.9	28.3	63.1	39.9
705	41.0	59.9	56.4	48.8	28.2	63.1	40.0
710	41.0	59.8	56.5	48.8	28.2	63.1	40.2
715	41.0	59.7	56.6	48.8	28.1	63.1	40.3
720	40.9	59.6	56.6	48.7	28.0	63.1	40.5
725	40.9	59.5	56.7	48.7	27.9	63.1	40.6
730	40.9	59.6	56.7	48.7	27.9	63.1	40.8
735	40.8	59.6	56.6	48.6	27.9	63.1	40.9
740	40.8	59.6	56.5	48.6	27.9	63.1	41.0
745	40.7	59.6	56.4	48.5	28.0	63.1	41.1
750	40.7	59.6	56.3	48.5	28.0	63.1	41.3
755	40.7	59.6	56.2	48.5	28.1	63.1	41.4
760	40.6	59.6	56.1	48.4	28.1	63.1	41.5
765	40.5	59.7	56.1	48.3	28.2	63.1	41.7
770	40.4	59.7	56.0	48.2	28.3	63.0	41.8
775	40.4	59.7	55.9	48.0	28.3	62.8	42.0
780	40.3	59.8	55.9	47.8	28.4	62.6	42.1
785	40.3	59.8	55.8	47.7	28.5	62.4	42.3
790	40.2	59.9	55.8	47.6	28.6	62.3	42.4
795	40.3	59.9	55.7	47.5	28.7	62.2	42.6
800	40.3	60.0	55.7	47.5	28.8	62.1	42.8
805	40.3	60.1	55.6	47.5	28.9	62.1	42.8
810	40.4	60.2	55.6	47.5	29.0	62.1	42.7
815	40.5	60.2	55.5	47.5	29.0	62.1	42.7
820	40.5	60.3	55.5	47.5	29.2	62.1	42.6
825	40.6	60.3	55.5	47.5	29.3	62.1	42.6
830	40.7	60.4	55.4	47.6	29.4	62.1	42.5
835	40.8	60.3	55.4	47.6	29.5	62.1	42.5
840	40.8	60.2	55.3	47.6	29.4	62.1	42.4
845	40.9	60.2	55.3	47.6	29.4	62.1	42.4
850	41.0	60.1	55.2	47.6	29.4	62.1	42.3
855	41.1	60.1	55.2	47.6	29.4	62.1	42.3
860	41.1	60.0	55.1	47.6	29.4	62.0	42.2
865	41.2	59.9	55.0	47.6	29.3	62.0	42.2
870	41.3	59.9	55.0	47.7	29.3	62.0	42.1
875	41.4	59.8	54.9	47.8	29.2	62.1	42.0
880	41.5	59.7	54.8	47.9	29.2	62.2	42.0
885	41.6	59.6	54.8	48.0	29.2	62.3	41.9
890	41.7	59.5	54.7	48.1	29.1	62.5	41.8
895	41.7	59.4	54.6	48.2	29.0	62.6	41.8
900	41.7	59.3	54.5	48.2	29.0	62.6	41.7
905	41.7	59.2	54.4	48.2	28.9	62.6	41.6
910	41.7	59.1	54.3	48.2	28.9	62.6	41.5
915	41.6	59.0	54.2	48.2	28.8	62.5	41.4
920	41.6	58.9	54.1	48.1	28.7	62.4	41.4
925	41.5	58.8	54.0	48.0	28.6	62.4	41.3
930	41.5	58.7	53.9	48.0	28.6	62.3	41.2
935	41.4	58.6	53.8	47.9	28.5	62.3	41.2
940	41.3	58.6	53.7	47.9	28.4	62.2	41.1
945	41.3	58.5	53.6	47.8	28.4	62.2	41.1
950	41.3	58.4	53.6	47.8	28.3	62.1	41.0
955	41.2	58.3	53.5	47.8	28.3	62.1	41.0
960	41.2	58.3	53.4	47.7	28.2	62.1	40.9
965	41.1	58.2	53.3	47.7	28.2	62.0	40.9
970	41.1	58.1	53.3	47.7	28.1	62.0	40.8
975	41.1	58.1	53.2	47.7	28.1	62.0	40.8
980	41.0	58.0	53.1	47.7	28.1	62.0	40.8
985	41.0	58.0	53.1	47.7	28.1	62.0	40.7
990	41.0	57.9	53.0	47.7	28.0	61.9	40.7
995	41.0	57.9	53.0	47.7	28.0	61.9	40.6
1000	40.9	57.8	52.9	47.7	28.0	61.9	40.6
1005	40.9	57.8	52.9	47.7	28.0	61.9	40.6
1010	40.9	57.7	52.8	47.7	28.0	61.9	40.5
1015	40.9	57.7	52.8	47.7	28.0	61.9	40.5
1020	40.9	57.6	52.7	47.8	28.0	61.9	40.5
1025	40.9	57.6	52.7	47.8	28.0	61.9	40.5
1030	40.9	57.6	52.7	47.8	28.1	61.9	40.5
1035	40.9	57.6	52.7	47.8	28.1	61.9	40.4
1040	40.9	57.5	52.6	47.9	28.1	61.9	40.4
1045	40.9	57.5	52.6	47.9	28.2	61.9	40.4
1050	40.9	57.5	52.6	47.9	28.2	61.9	40.4
1055	40.9	57.4	52.5	48.0	28.2	61.8	40.4
1060	40.9	57.4	52.5	48.0	28.2	61.8	40.3
1065	40.9	57.4	52.4	48.0	28.3	61.8	40.3
1070	40.9	57.3	52.4	48.0	28.3	61.8	40.3
1075	40.9	57.3	52.4	48.0	28.3	61.8	40.3
1080	40.9	57.3	52.3	48.1	28.3	61.8	40.3
1085	40.9	57.2	52.3	48.1	28.4	61.8	40.3
1090	40.9	57.2	52.2	48.1	28.4	61.8	40.2
1095	40.9	57.2	52.2	48.1	28.4	61.7	40.2
1100	40.9	57.1	52.1	48.2	28.4	61.7	40.2
1105	41.0	57.1	52.1	48.2	28.5	61.7	40.2
1110	41.0	57.0	52.1	48.2	28.5	61.7	40.2
1115	41.0	57.0	52.0	48.2	28.5	61.7	40.2
1120	41.0	57.0	52.0	48.3	28.5	61.7	40.1
1125	41.0	56.9	51.9	48.3	28.6	61.6	40.1
1130	41.0	56.9	51.9	48.3	28.6	61.6	40.1
1135	41.0	56.8	51.8	48.3	28.6	61.6	40.1
1140	41.0	56.8	51.8	48.4	28.6	61.6	40.1
1145	41.0	56.8	51.8	48.4	28.7	61.6	40.1
1150	41.0	56.7	51.7	48.4	28.7	61.6	40.1
1155	41.0	56.7	51.7	48.4	28.7	61.6	40.1
1160	41.0	56.7	51.6	48.5	28.8	61.5	40.1
1165	41.0	56.6	51.6	48.5	28.8	61.5	40.1
1170	41.0	56.6	51.6	48.5	28.8	61.5	40.1
1175	41.0	56.6	51.5	48.6	28.9	61.5	40.1
1180	41.0	56.5	51.5	48.6	28.9	61.5	40.1
1185	41.0	56.5	51.4	48.6	28.9	61.5	40.1
1190	41.0	56.5	51.4	48.7	28.9	61.5	40.1
1195	41.0	56.4	51.4	48.7	29.0	61.5	40.1
1200	41.0	56.4	51.3	48.7	29.0	61.5	40.1
1205	41.0	56.4	51.3	48.8	29.0	61.5	40.1
1210	41.0	56.3	51.3	48.8	29.1	61.5	40.2
1215	41.0	56.3	51.2	48.8	29.1	61.5	40.2
1220	41.0	56.3	51.2	48.9	29.2	61.6	40.2
1225	41.0	56.2	51.2	48.9	29.2	61.6	40.2
1230	41.1	56.2	51.1	48.9	29.2	61.6	40.3
1235	41.1	56.2	51.1	49.0	29.3	61.6	40.3
1240	41.1	56.2	51.1	49.0	29.3	61.6	40.3
1245	41.1	56.1	51.0	49.1	29.3	61.7	40.4
1250	41.1	56.1	51.0	49.1	29.4	61.7	40.4
1255	41.1	56.1	51.0	49.1	29.4	61.7	40.4
1260	41.1	56.0	50.9	49.2	29.4	61.7	40.5
1265	41.1	56.0	50.9	49.2	29.5	61.7	40.5
1270	41.1	55.9	50.8	49.2	29.5	61.7	40.5
1275	41.1	55.9	50.8	49.3	29.6	61.8	40.6
1280	41.1	55.9	50.8	49.3	29.6	61.8	40.6
1285	41.1	55.9	50.8	49.4	29.7	61.8	40.7
1290	41.1	55.8	50.7	49.4	29.7	61.9	40.7
1295	41.2	55.8	50.7	49.5	29.8	61.9	40.8
1300	41.1	55.8	50.7	49.5	29.8	61.9	40.8
1305	41.1	55.7	50.6	49.5	29.8	61.9	40.8
1310	41.1	55.7	50.5	49.5	29.8	61.9	40.9
1315	41.1	55.6	50.5	49.5	29.8	61.9	40.9
1320	41.1	55.6	50.4	49.5	29.8	61.9	40.9
1325	41.1	55.5	50.4	49.6	29.8	61.9	41.0
1330	41.1	55.5	50.3	49.6	29.9	61.9	41.0
1335	41.1	55.4	50.3	49.6	29.9	61.9	41.0
1340	41.1	55.4	50.2	49.6	29.9	61.8	41.0
1345	41.1	55.3	50.1	49.6	29.9	61.8	41.0
1350	41.0	55.2	50.1	49.6	29.9	61.7	40.9
1355	41.0	55.2	50.0	49.6	29.9	61.6	40.9
1360	41.0	55.1	49.9	49.6	30.0	61.6	40.8
1365	41.0	55.0	49.8	49.7	30.0	61.5	40.8
1370	41.0	54.9	49.7	49.7	30.0	61.3	40.7
1375	40.9	54.8	49.6	49.7	30.0	61.2	40.6
1380	40.9	54.7	49.4	49.6	30.0	61.1	40.5
1385	40.9	54.6	49.3	49.6	30.0	60.9	40.5
1390	40.8	54.4	49.2	49.6	30.0	60.8	40.4
1395	40.8	54.3	49.0	49.6	30.0	60.6	40.3
1400	40.7	54.2	48.9	49.6	30.0	60.5	40.2
1405	40.7	54.1	48.8	49.6	30.1	60.3	40.1
1410	40.7	54.0	48.7	49.6	30.1	60.2	40.0
1415	40.7	53.9	48.6	49.6	30.2	60.1	40.0
1420	40.6	53.8	48.5	49.6	30.2	60.0	39.9
1425	40.6	53.7	48.4	49.6	30.3	59.8	39.8
1430	40.6	53.6	48.3	49.6	30.3	59.7	39.8
1435	40.6	53.6	48.2	49.7	30.3	59.6	39.7
1440	40.6	53.5	48.1	49.7	30.4	59.6	39.7
1445	40.6	53.4	48.1	49.7	30.4	59.5	39.6
1450	40.6	53.4	48.0	49.8	30.5	59.5	39.6
1455	40.5	53.3	47.9	49.8	30.5	59.4	39.6
1460	40.5	53.2	47.9	49.8	30.6	59.4	39.6
1465	40.5	53.2	47.8	49.8	30.6	59.4	39.7
1470	40.5	53.1	47.8	49.9	30.6	59.4	39.7
1475	40.5	53.1	47.7	49.9	30.7	59.4	39.7
1480	40.5	53.1	47.7	49.9	30.7	59.5	39.8
1485	40.5	53.1	47.7	50.0	30.8	59.5	39.8
1490	40.5	53.1	47.7	50.0	30.8	59.6	39.9
1495	40.5	53.0	47.7	50.1	30.9	59.6	39.9
1500	40.5	53.0	47.7	50.1	30.9	59.7	40.0
1505	40.5	53.0	47.7	50.2	31.0	59.8	40.0
1510	40.5	53.0	47.6	50.2	31.0	59.8	40.1
1515	40.5	53.0	47.6	50.3	31.1	59.9	40.1
1520	40.5	53.0	47.6	50.4	31.1	60.0	40.2
1525	40.5	53.0	47.6	50.4	31.2	60.0	40.2
1530	40.5	53.0	47.6	50.5	31.2	60.1	40.3
1535	40.5	53.0	47.6	50.5	31.3	60.1	40.3
1540	40.5	53.0	47.6	50.6	31.3	60.2	40.4
1545	40.5	53.0	47.6	50.6	31.4	60.2	40.4
1550	40.5	52.9	47.6	50.7	31.4	60.3	40.4
1555	40.5	52.9	47.6	50.7	31.5	60.3	40.5
1560	40.5	52.9	47.5	50.8	31.6	60.3	40.5
1565	40.5	52.9	47.5	50.9	31.6	60.4	40.6
1570	40.6	52.9	47.5	50.9	31.7	60.4	40.6
1575	40.6	52.9	47.5	51.0	31.8	60.4	40.6
1580	40.6	52.9	47.5	51.1	31.8	60.5	40.7
1585	40.6	52.9	47.5	51.1	31.9	60.5	40.7
1590	40.6	52.9	47.5	51.2	32.0	60.5	40.7
1595	40.6	52.8	47.5	51.3	32.0	60.5	40.8
1600	40.6	52.8	47.5	51.3	32.1	60.6	40.8
1605	40.7	52.8	47.4	51.4	32.1	60.6	40.8
1610	40.7	52.8	47.4	51.5	32.2	60.6	40.8
1615	40.7	52.8	47.4	51.5	32.3	60.6	40.9
1620	40.7	52.8	47.4	51.6	32.3	60.6	40.9
1625	40.7	52.8	47.4	51.7	32.4	60.6	40.9
1630	40.7	52.8	47.4	51.7	32.5	60.6	40.9
1635	40.7	52.7	47.4	51.8	32.5	60.6	40.9
1640	40.7	52.7	47.3	51.9	32.6	60.6	40.9
1645	40.8	52.7	47.3	51.9	32.7	60.6	40.9
1650	40.8	52.7	47.3	52.0	32.7	60.6	41.0
1655	40.8	52.7	47.3	52.1	32.8	60.6	41.0
1660	40.8	52.7	47.3	52.1	32.9	60.6	41.0
1665	40.8	52.6	47.2	52.2	32.9	60.6	41.0
1670	40.8	52.6	47.2	52.3	33.0	60.6	41.0
1675	40.8	52.6	47.2	52.3	33.0	60.6	41.0
1680	40.8	52.6	47.2	52.4	33.1	60.6	41.0
1685	40.9	52.6	47.2	52.4	33.2	60.5	41.0
1690	40.9	52.6	47.2	52.5	33.2	60.5	41.0
1695	40.9	52.5	47.1	52.6	33.3	60.5	40.9
1700	40.9	52.5	47.1	52.6	33.4	60.5	40.9
1705	40.9	52.5	47.1	52.7	33.4	60.4	40.9
1710	40.9	52.5	47.0	52.7	33.5	60.4	40.9
1715	40.9	52.4	47.0	52.7	33.5	60.3	40.8
1720	40.8	52.4	47.0	52.8	33.5	60.2	40.8
1725	40.8	52.3	46.9	52.8	33.6	60.2	40.8
1730	40.8	52.3	46.9	52.8	33.6	60.1	40.7
1735	40.8	52.2	46.8	52.8	33.6	60.0	40.7
1740	40.8	52.2	46.7	52.9	33.6	60.0	40.6
1745	40.7	52.1	46.7	52.9	33.7	59.9	40.6
1750	40.7	52.1	46.6	52.9	33.7	59.8	40.5
1755	40.7	52.0	46.6	52.9	33.7	59.7	40.5
1760	40.7	52.0	46.5	52.9	33.7	59.7	40.4
1765	40.6	51.9	46.4	53.0	33.7	59.6	40.4
1770	40.6	51.9	46.4	53.0	33.8	59.5	40.4
1775	40.6	51.8	46.3	53.0	33.8	59.4	40.3
1780	40.6	51.7	46.3	53.0	33.8	59.4	40.3
1785	40.5	51.7	46.2	53.0	33.8	59.3	40.2
1790	40.5	51.6	46.1	53.0	33.8	59.2	40.2
1795	40.5	51.6	46.1	53.1	33.9	59.2	40.2
1800	40.5	51.5	46.1	53.1	33.9	59.1	40.1
1805	40.5	51.5	46.0	53.1	33.9	59.1	40.1
1810	40.5	51.5	46.0	53.2	34.0	59.0	40.1
1815	40.5	51.4	45.9	53.2	34.0	59.0	40.1
1820	40.4	51.4	45.9	53.2	34.0	58.9	40.0
1825	40.4	51.3	45.8	53.2	34.0	58.8	40.0
1830	40.4	51.3	45.8	53.3	34.1	58.8	40.0
1835	40.4	51.2	45.7	53.3	34.1	58.6	39.9
1840	40.3	51.1	45.6	53.3	34.1	58.5	39.8
1845	40.3	51.0	45.5	53.2	34.1	58.3	39.7
1850	40.2	50.9	45.4	53.2	34.1	58.1	39.5
1855	40.1	50.7	45.2	53.0	34.0	57.8	39.3
1860	40.0	50.5	45.0	52.9	33.9	57.4	39.0
1865	39.9	50.3	44.7	52.7	33.7	57.0	38.7
1870	39.7	50.0	44.5	52.5	33.6	56.5	38.4
1875	39.5	49.7	44.2	52.2	33.4	56.0	38.0
1880	39.4	49.4	43.8	52.0	33.3	55.4	37.6
1885	39.2	49.1	43.5	51.7	33.1	54.9	37.2
1890	39.1	48.8	43.2	51.4	33.0	54.3	36.8
1895	38.9	48.5	42.9	51.1	32.8	53.7	36.4
1900	38.8	48.2	42.6	50.9	32.7	53.1	36.0
1905	38.6	47.9	42.3	50.6	32.5	52.6	35.6
1910	38.5	47.6	42.0	50.3	32.3	52.0	35.2
1915	38.3	47.4	41.7	50.1	32.2	51.4	34.8
1920	38.2	47.1	41.5	49.9	32.0	50.9	34.4
1925	38.1	46.9	41.2	49.6	31.9	50.4	34.0
1930	38.0	46.7	41.0	49.4	31.8	50.0	33.7
1935	37.9	46.4	40.7	49.2	31.7	49.5	33.3
1940	37.8	46.3	40.5	49.1	31.6	49.2	33.1
1945	37.7	46.1	40.4	48.9	31.5	48.8	32.8
1950	37.7	46.0	40.3	48.8	31.4	48.6	32.6
1955	37.6	45.9	40.2	48.8	31.4	48.4	32.5
1960	37.6	45.8	40.1	48.8	31.4	48.3	32.4
1965	37.7	45.9	40.1	48.8	31.5	48.2	32.4
1970	37.7	45.9	40.2	48.9	31.6	48.3	32.5
1975	37.8	46.0	40.3	49.0	31.7	48.4	32.5
1980	37.9	46.1	40.4	49.2	31.8	48.6	32.7
1985	38.0	46.3	40.5	49.4	31.9	48.8	32.8
1990	38.1	46.4	40.7	49.5	32.0	49.0	33.0
1995	38.1	46.5	40.8	49.7	32.2	49.3	33.2
2000	38.2	46.7	41.0	49.9	32.3	49.6	33.4
2005	38.3	46.9	41.1	50.2	32.4	49.9	33.6
2010	38.4	47.0	41.3	50.4	32.6	50.1	33.8
2015	38.5	47.2	41.4	50.6	32.7	50.4	34.0
2020	38.5	47.4	41.6	50.8	32.8	50.7	34.2
2025	38.6	47.5	41.7	50.9	32.9	51.0	34.4
2030	38.7	47.6	41.9	51.1	33.0	51.3	34.6
2035	38.8	47.8	42.0	51.3	33.1	51.5	34.8
2040	38.8	47.9	42.1	51.5	33.2	51.8	35.0
2045	38.9	48.0	42.2	51.6	33.4	52.0	35.2
2050	39.0	48.2	42.4	51.8	33.5	52.3	35.3
2055	39.1	48.3	42.5	52.0	33.6	52.5	35.5
2060	39.1	48.4	42.6	52.2	33.7	52.7	35.7
2065	39.2	48.6	42.7	52.3	33.8	52.9	35.8
2070	39.3	48.7	42.8	52.5	33.9	53.1	35.9
2075	39.3	48.8	43.0	52.6	34.0	53.3	36.1
2080	39.4	48.9	43.1	52.8	34.1	53.5	36.2
2085	39.5	49.0	43.2	52.9	34.2	53.6	36.3
2090	39.6	49.1	43.3	53.1	34.3	53.8	36.4
2095	39.6	49.2	43.4	53.2	34.4	54.0	36.6
2100	39.7	49.3	43.5	53.4	34.5	54.1	36.7
2105	39.8	49.4	43.6	53.5	34.5	54.2	36.7
2110	39.9	49.5	43.6	53.6	34.6	54.4	36.8
2115	39.9	49.6	43.7	53.8	34.7	54.5	36.9
2120	40.0	49.6	43.8	53.9	34.8	54.5	37.0
2125	40.1	49.7	43.8	54.0	34.8	54.6	37.0
2130	40.1	49.7	43.9	54.0	34.9	54.7	37.0
2135	40.1	49.8	43.9	54.1	34.9	54.7	37.0
2140	40.2	49.8	43.9	54.2	35.0	54.7	37.0
2145	40.2	49.8	43.9	54.2	35.0	54.7	37.0
2150	40.1	49.7	43.9	54.2	35.0	54.6	37.0
2155	40.1	49.7	43.8	54.1	34.9	54.6	36.9
2160	40.1	49.6	43.8	54.1	34.9	54.5	36.8
2165	40.0	49.6	43.7	54.0	34.8	54.4	36.7
2170	40.0	49.5	43.7	54.0	34.8	54.3	36.6
2175	39.9	49.4	43.6	53.9	34.7	54.1	36.5
2180	39.8	49.3	43.5	53.8	34.7	54.0	36.4
2185	39.7	49.2	43.4	53.7	34.6	53.8	36.3
2190	39.7	49.1	43.3	53.6	34.5	53.7	36.2
2195	39.5	48.9	43.2	53.5	34.4	53.5	36.0
2200	39.5	48.8	43.1	53.4	34.3	53.3	35.8
2205	39.4	48.6	42.9	53.2	34.2	53.1	35.7
2210	39.2	48.5	42.8	53.1	34.1	52.8	35.5
2215	39.1	48.3	42.7	52.9	33.9	52.6	35.4
2220	39.0	48.2	42.6	52.7	33.8	52.4	35.2
2225	38.9	48.1	42.4	52.6	33.7	52.3	35.1
2230	38.8	47.9	42.3	52.4	33.5	52.1	34.9
2235	38.7	47.8	42.2	52.3	33.4	51.9	34.8
2240	38.6	47.7	42.1	52.2	33.4	51.8	34.7
2245	38.5	47.6	42.0	52.1	33.2	51.6	34.5
2250	38.4	47.5	41.9	51.9	33.2	51.5	34.4
2255	38.4	47.4	41.8	51.8	33.0	51.4	34.3
2260	38.3	47.4	41.8	51.7	33.0	51.3	34.2
2265	38.3	47.3	41.7	51.7	32.9	51.1	34.1
2270	38.2	47.3	41.7	51.6	32.9	51.1	34.1
2275	38.2	47.2	41.6	51.5	32.8	50.9	34.0
2280	38.2	47.1	41.5	51.5	32.7	50.9	33.9
2285	38.1	47.1	41.5	51.4	32.7	50.7	33.8
2290	38.1	47.1	41.5	51.4	32.6	50.7	33.6
2295	38.1	47.0	41.4	51.3	32.5	50.5	33.5
2300	38.1	47.0	41.4	51.2	32.5	50.4	33.4
2305	38.0	46.9	41.3	51.1	32.4	50.3	33.3
2310	38.0	46.9	41.3	51.1	32.3	50.2	33.2
2315	38.0	46.8	41.2	51.1	32.3	50.1	33.1
2320	38.0	46.8	41.2	51.0	32.2	50.0	33.1
2325	38.0	46.8	41.2	51.0	32.2	50.0	33.0
2330	38.1	46.8	41.2	51.0	32.2	49.8	32.9
2335	38.0	46.8	41.1	50.9	32.1	49.7	32.8
2340	38.0	46.7	41.0	50.9	32.1	49.5	32.7
2345	38.0	46.7	41.0	50.9	32.0	49.4	32.6
2350	38.0	46.6	41.0	50.9	32.0	49.3	32.5
2355	38.1	46.6	40.9	50.8	31.9	49.1	32.4
2360	38.0	46.6	40.9	50.7	31.9	48.9	32.3
2365	38.1	46.6	40.8	50.7	31.9	48.8	32.2
2370	38.0	46.6	40.8	50.7	31.9	48.7	32.1
2375	38.0	46.4	40.7	50.6	31.7	48.4	31.9
2380	37.9	46.4	40.6	50.3	31.6	48.2	31.7
2385	37.8	46.2	40.5	50.1	31.5	47.9	31.5
2390	37.8	46.1	40.3	50.0	31.4	47.7	31.5
2395	37.7	46.0	40.2	49.8	31.4	47.5	31.3
2400	37.7	45.9	40.0	49.7	31.3	47.5	31.2
2405	37.6	45.7	39.9	49.5	31.4	47.3	31.1
2410	37.6	45.7	39.9	49.4	31.4	47.1	31.0
2415	37.5	45.5	39.8	49.2	31.3	46.8	30.7
2420	37.5	45.3	39.5	49.1	31.2	46.5	30.6
2425	37.3	45.1	39.5	48.8	31.0	46.1	30.3
2430	37.0	44.8	39.2	48.5	30.7	45.7	30.0
2435	36.7	44.4	38.9	48.1	30.5	45.4	29.7
2440	36.6	44.2	38.6	47.9	30.4	45.1	29.4
2445	36.4	44.0	38.4	47.6	30.1	44.9	29.2
2450	36.1	43.7	38.0	47.2	29.8	44.4	28.8
2455	35.8	43.4	37.7	46.9	29.7	44.0	28.5
2460	35.6	43.0	37.5	46.6	29.4	43.6	28.3
2465	35.3	42.6	37.1	46.2	29.2	43.3	28.0
2470	35.2	42.4	36.9	46.1	29.2	43.1	27.8
2475	35.0	42.1	36.7	45.9	28.8	42.7	27.6
2480	34.5	41.6	36.3	45.4	28.3	41.9	27.0
2485	33.9	41.0	35.5	44.8	27.7	41.3	26.4
2490	33.1	40.3	34.5	44.1	26.9	41.3	25.8
2495	33.5	40.8	33.8	44.5	27.0	40.9	25.8
2500	31.9	39.7	31.7	43.6	25.1	37.7	24.4
